0.111
0.063
0.009
0.101
0.059
0.066
0.071
0.089
syntax error in input py file
0.125
0.1
0.103
0.118
syntax error in input py file
0.099
0.04
0.091
0.086
0.113
0.066
0.116
0.06
0.075
0.068
0.111
syntax error in input py file
0.1
0.054
0.158
0.045
0.087
0.132
0.058
0.1
0.056
0.017
0.099
0.074
0.011
0.108
0.09
0.069
0.058
0.054
0.091
0.006
0.055
0.127
0.038
0.11
0.104
0.074
0.025
0.091
0.022
0.056
0.034
0.057
0.029
syntax error in input py file
0.02
0.083
0.065
0.114
syntax error in input py file
0.037
0.076
0.065
0.086
0.103
0.082
0.069
0.037
0.055
0.065
0.091
0.031
0.081
0.114
0.108
0.094
0.049
0.092
0.07
0.09
0.115
0.086
0.095
0.067
0.057
0.125
0.106
0.061
0.048
0.086
0.117
0.068
0.09
0.085
syntax error in input py file
0.089
0.082
0.056
0.048
0.087
0.025
0.079
0.096
0.033
0.102
0.101
0.067
0.015
0.048
0.075
0.053
0.023
0.088
0.103
syntax error in input py file
syntax error in input py file
0.074
0.047
0.09
0.067
0.059
0.118
0.086
0.088
0.075
0.109
0.065
0.078
0.078
syntax error in input py file
0.045
0.074
0.095
0.106
0.089
0.162
0.036
0.022
0.06
0.11
0.081
0.01
0.113
0.132
0.116
0.045
0.088
0.042
0.052
0.082
0.06
0.049
0.098
0.003
0.051
0.078
0.114
0.06
0.074
0.08
0.099
0.093
0.104
syntax error in input py file
0.086
0.048
syntax error in input py file
0.095
0.005
0.062
0.101
0.089
syntax error in input py file
0.091
0.052
0.085
0.132
0.104
0.083
0.131
0.122
0.094
0.108
0.086
syntax error in input py file
0.097
0.08
0.06
0.116
0.085
0.067
0.093
0.097
0.02
0.065
0.091
0.162
0.089
syntax error in input py file
0.056
0.049
0.107
0.117
0.109
0.038
0.064
0.085
0.09
0.074
0.152
0.108
0.023
0.052
0.124
0.129
0.081
0.087
0.059
0.102
0.082
0.122
0.053
0.045
0.089
0.081
0.112
0.047
0.108
0.055
0.091
0.139
0.062
0.035
0.068
0.028
0.092
0.122
0.075
0.082
0.148
0.092
0.051
0.146
0.07
0.207
0.076
0.062
0.056
syntax error in input py file
syntax error in input py file
0.011
0.136
0.094
0.092
0.08
syntax error in input py file
0.118
0.093
0.054
0.087
syntax error in input py file
0.13
0.114
syntax error in input py file
0.074
0.081
0.158
0.081
0.078
0.111
0.079
0.034
0.053
0.103
0.071
0.049
0.04
syntax error in input py file
0.102
0.076
0.109
0.093
0.118
0.078
0.078
0.073
0.002
0.089
0.153
0.085
0.104
0.102
0.076
0.04
0.1
0.108
0.103
0.077
0.065
0.005
0.043
