0.614
0.569
0.182
0.582
0.55
0.655
0.5
0.444
syntax error in input py file
0.535
0.657
0.55
0.514
syntax error in input py file
0.489
0.349
0.733
0.524
0.561
0.519
0.643
0.511
0.604
0.667
0.51
syntax error in input py file
0.605
0.449
0.636
0.551
0.519
0.514
0.405
0.595
0.559
0.304
0.737
0.605
0.39
0.491
0.519
0.553
0.704
0.64
0.489
0.24
0.561
0.659
0.413
0.548
0.5
0.542
0.326
0.533
0.459
0.395
0.474
0.644
0.295
syntax error in input py file
0.474
0.595
0.477
0.61
syntax error in input py file
0.425
0.487
0.417
0.628
0.75
0.627
0.5
0.385
0.6
0.542
0.442
0.558
0.617
0.458
0.586
0.675
0.606
0.529
0.44
0.522
0.5
0.556
0.56
0.478
0.569
0.721
0.595
0.643
0.385
0.544
0.571
0.422
0.565
0.575
syntax error in input py file
0.512
0.7
0.6
0.439
0.564
0.37
0.6
0.587
0.415
0.643
0.673
0.604
0.4
0.475
0.529
0.519
0.477
0.615
0.581
syntax error in input py file
syntax error in input py file
0.605
0.522
0.579
0.558
0.613
0.645
0.744
0.568
0.714
0.547
0.639
0.583
0.568
syntax error in input py file
0.429
0.547
0.686
0.537
0.579
0.596
0.417
0.419
0.633
0.585
0.585
0.298
0.636
0.6
0.619
0.419
0.51
0.579
0.552
0.605
0.444
0.514
0.604
0.214
0.605
0.643
0.667
0.575
0.592
0.481
0.667
0.639
0.583
syntax error in input py file
0.514
0.605
syntax error in input py file
0.643
0.186
0.686
0.585
0.535
syntax error in input py file
0.63
0.477
0.613
0.744
0.793
0.553
0.711
0.556
0.522
0.634
0.643
syntax error in input py file
0.686
0.595
0.618
0.641
0.724
0.488
0.595
0.644
0.476
0.594
0.509
0.821
0.65
syntax error in input py file
0.674
0.619
0.759
0.623
0.7
0.375
0.537
0.5
0.6
0.758
0.727
0.643
0.318
0.59
0.634
0.676
0.574
0.542
0.575
0.489
0.625
0.738
0.565
0.512
0.636
0.558
0.6
0.393
0.6
0.442
0.514
0.659
0.71
0.514
0.581
0.366
0.558
0.677
0.436
0.578
0.717
0.625
0.475
0.686
0.516
0.688
0.622
0.541
0.5
syntax error in input py file
syntax error in input py file
0.208
0.643
0.705
0.526
0.727
syntax error in input py file
0.511
0.667
0.5
0.659
syntax error in input py file
0.65
0.694
syntax error in input py file
0.519
0.583
0.641
0.623
0.553
0.65
0.676
0.385
0.5
0.614
0.704
0.528
0.585
syntax error in input py file
0.55
0.655
0.523
0.7
0.615
0.5
0.488
0.537
0.029
0.476
0.695
0.543
0.489
0.667
0.458
0.63
0.6
0.591
0.689
0.714
0.558
0.032
0.412
