0.191
0.117
0.017
0.177
0.117
0.16
0.139
0.149
syntax error in input py file
0.204
0.175
0.182
0.207
syntax error in input py file
0.158
0.078
0.201
0.177
0.229
0.111
0.24
0.136
0.157
0.139
0.202
syntax error in input py file
0.167
0.115
0.232
0.104
0.132
0.21
0.103
0.174
0.117
0.035
0.193
0.138
0.033
0.176
0.186
0.114
0.149
0.112
0.155
0.035
0.105
0.244
0.078
0.213
0.176
0.175
0.036
0.173
0.043
0.101
0.075
0.121
0.072
syntax error in input py file
0.057
0.164
0.135
0.229
syntax error in input py file
0.079
0.122
0.112
0.148
0.191
0.181
0.11
0.079
0.119
0.117
0.22
0.077
0.169
0.21
0.204
0.168
0.107
0.193
0.14
0.163
0.203
0.16
0.18
0.119
0.106
0.26
0.187
0.138
0.098
0.176
0.211
0.14
0.173
0.159
syntax error in input py file
0.157
0.171
0.125
0.117
0.161
0.067
0.183
0.182
0.086
0.184
0.198
0.136
0.053
0.094
0.147
0.106
0.072
0.176
0.189
syntax error in input py file
syntax error in input py file
0.154
0.092
0.163
0.147
0.123
0.207
0.19
0.157
0.129
0.202
0.119
0.136
0.176
syntax error in input py file
0.082
0.139
0.203
0.2
0.19
0.283
0.054
0.051
0.111
0.183
0.163
0.028
0.193
0.22
0.213
0.081
0.181
0.073
0.08
0.165
0.123
0.099
0.19
0.008
0.069
0.157
0.183
0.138
0.144
0.151
0.187
0.162
0.189
syntax error in input py file
0.152
0.114
syntax error in input py file
0.189
0.008
0.113
0.2
0.18
syntax error in input py file
0.191
0.119
0.172
0.226
0.199
0.182
0.254
0.207
0.2
0.206
0.137
syntax error in input py file
0.166
0.165
0.106
0.226
0.175
0.153
0.189
0.201
0.049
0.123
0.167
0.265
0.155
syntax error in input py file
0.121
0.105
0.208
0.212
0.222
0.081
0.126
0.185
0.165
0.149
0.248
0.176
0.046
0.087
0.245
0.235
0.154
0.153
0.117
0.183
0.136
0.222
0.12
0.102
0.159
0.179
0.21
0.086
0.192
0.112
0.163
0.238
0.146
0.071
0.131
0.067
0.181
0.201
0.152
0.151
0.265
0.173
0.112
0.275
0.125
0.313
0.166
0.127
0.116
syntax error in input py file
syntax error in input py file
0.015
0.228
0.176
0.156
0.173
syntax error in input py file
0.214
0.188
0.117
0.168
syntax error in input py file
0.219
0.168
syntax error in input py file
0.147
0.142
0.285
0.151
0.142
0.219
0.18
0.069
0.125
0.203
0.167
0.088
0.12
syntax error in input py file
0.166
0.149
0.171
0.175
0.208
0.16
0.121
0.149
0.003
0.165
0.248
0.199
0.189
0.201
0.118
0.093
0.179
0.197
0.174
0.139
0.155
0.006
0.083
