0.066
0.035
0.007
0.061
0.036
0.041
0.049
0.066
syntax error in input py file
0.071
0.062
0.062
0.074
syntax error in input py file
0.049
0.019
0.055
0.051
0.072
0.028
0.078
0.034
0.03
0.037
0.059
syntax error in input py file
0.067
0.033
0.103
0.016
0.048
0.095
0.03
0.065
0.032
0.01
0.057
0.047
0.005
0.069
0.042
0.051
0.027
0.036
0.056
0.005
0.03
0.07
0.021
0.058
0.077
0.049
0.013
0.053
0.006
0.025
0.021
0.031
0.015
syntax error in input py file
0.009
0.057
0.034
0.071
syntax error in input py file
0.024
0.046
0.04
0.054
0.058
0.054
0.047
0.028
0.04
0.036
0.053
0.019
0.045
0.064
0.06
0.057
0.034
0.05
0.04
0.047
0.071
0.051
0.05
0.048
0.033
0.061
0.057
0.034
0.023
0.047
0.07
0.05
0.047
0.051
syntax error in input py file
0.046
0.04
0.036
0.023
0.057
0.012
0.051
0.053
0.011
0.059
0.058
0.046
0.006
0.03
0.037
0.029
0.013
0.048
0.06
syntax error in input py file
syntax error in input py file
0.054
0.024
0.054
0.032
0.042
0.061
0.044
0.053
0.043
0.07
0.041
0.032
0.04
syntax error in input py file
0.032
0.038
0.059
0.062
0.042
0.102
0.021
0.016
0.038
0.07
0.043
0.004
0.069
0.079
0.078
0.025
0.056
0.029
0.031
0.048
0.03
0.029
0.06
0.003
0.028
0.039
0.065
0.031
0.045
0.046
0.056
0.058
0.067
syntax error in input py file
0.052
0.025
syntax error in input py file
0.059
0.003
0.032
0.053
0.062
syntax error in input py file
0.051
0.026
0.045
0.072
0.06
0.043
0.079
0.073
0.065
0.075
0.046
syntax error in input py file
0.065
0.052
0.029
0.066
0.05
0.032
0.045
0.061
0.009
0.036
0.063
0.107
0.056
syntax error in input py file
0.029
0.021
0.071
0.068
0.062
0.014
0.038
0.048
0.053
0.046
0.094
0.07
0.014
0.032
0.068
0.088
0.044
0.064
0.032
0.062
0.043
0.071
0.041
0.031
0.049
0.059
0.068
0.024
0.066
0.027
0.056
0.084
0.036
0.023
0.035
0.011
0.05
0.079
0.048
0.046
0.093
0.055
0.033
0.086
0.035
0.143
0.039
0.03
0.037
syntax error in input py file
syntax error in input py file
0.005
0.086
0.061
0.065
0.043
syntax error in input py file
0.072
0.048
0.033
0.043
syntax error in input py file
0.073
0.072
syntax error in input py file
0.043
0.047
0.09
0.044
0.049
0.074
0.048
0.016
0.044
0.049
0.041
0.032
0.024
syntax error in input py file
0.059
0.058
0.06
0.057
0.067
0.05
0.057
0.04
0.002
0.057
0.092
0.051
0.066
0.063
0.053
0.017
0.052
0.061
0.067
0.04
0.039
0.005
0.023
