0.636
0.314
0.571
0.696
0.585
0.484
0.5
0.544
0.611
0.537
0.71
0.571
0.469
0.472
0.552
0.375
0.6
0.385
0.6
0.561
0.65
0.542
0.521
0.5
0.582
0.594
0.524
0.566
0.525
0.617
0.552
0.551
0.308
0.579
0.41
0.638
0.718
0.75
0.562
syntax error in input py file
0.511
0.133
0.523
0.548
0.56
0.171
0.644
0.75
0.256
0.622
0.551
0.659
0.405
0.458
0.419
0.625
0.405
0.71
0.538
0.509
0.462
0.511
0.59
0.592
0.596
0.64
0.5
0.656
0.698
0.556
0.511
0.588
0.5
0.643
0.724
0.63
0.523
0.75
0.525
0.525
0.676
0.694
0.56
0.422
0.628
0.543
0.48
0.56
0.467
0.483
0.658
0.711
0.6
0.556
syntax error in input py file
0.681
0.523
0.549
0.676
0.541
0.571
0.639
0.595
0.586
syntax error in input py file
0.549
0.576
0.63
0.425
0.606
0.533
0.545
1.0
0.39
0.479
0.524
0.5
0.634
0.535
0.583
0.489
0.406
0.324
0.588
0.58
syntax error in input py file
0.587
0.6
0.509
0.556
0.541
0.529
0.595
0.606
0.556
0.553
0.525
0.661
0.6
0.591
0.532
0.462
syntax error in input py file
0.545
syntax error in input py file
0.483
0.5
0.56
0.621
0.615
0.72
0.694
0.7
0.586
0.705
0.63
0.588
syntax error in input py file
0.297
0.632
0.639
0.556
0.707
0.688
0.489
0.455
0.5
0.436
0.651
0.5
0.606
0.659
0.444
0.206
0.517
0.703
0.535
0.714
0.478
0.606
0.75
0.034
0.6
0.487
0.547
0.75
0.417
0.306
0.639
0.523
0.431
syntax error in input py file
0.5
0.561
syntax error in input py file
0.417
0.444
0.451
0.667
0.6
0.654
0.568
0.438
0.65
0.632
0.61
0.75
0.574
0.523
0.39
0.69
0.535
0.5
0.484
0.722
0.571
0.54
0.535
0.556
0.605
0.758
0.6
0.565
0.525
0.455
0.604
0.667
0.636
0.741
0.718
0.633
0.537
0.553
0.442
0.702
0.744
0.636
0.65
0.535
syntax error in input py file
syntax error in input py file
syntax error in input py file
0.395
0.531
0.756
0.558
0.442
0.533
0.514
0.525
0.625
syntax error in input py file
0.458
0.6
0.618
syntax error in input py file
0.588
0.667
0.453
0.735
0.591
syntax error in input py file
0.639
0.815
0.667
0.815
0.5
0.459
0.641
0.469
0.69
0.538
0.522
0.683
0.587
0.622
0.535
0.645
0.6
0.621
0.659
0.688
0.583
1.0
0.395
0.708
0.536
0.593
0.609
0.448
0.462
0.605
0.528
0.316
0.545
0.511
0.579
0.51
0.532
0.571
0.52
0.591
0.579
0.608
0.031
0.351
