0.291
0.146
0.318
0.372
0.229
0.315
0.167
0.293
0.303
0.299
0.4
0.309
0.258
0.241
0.246
0.122
0.355
0.106
0.491
0.311
0.417
0.309
0.24
0.228
0.349
0.319
0.304
0.286
0.354
0.382
0.308
0.314
0.153
0.234
0.169
0.382
0.36
0.295
0.289
syntax error in input py file
0.289
0.037
0.314
0.216
0.272
0.055
0.299
0.391
0.056
0.323
0.322
0.269
0.102
0.257
0.125
0.276
0.157
0.446
0.288
0.254
0.171
0.25
0.352
0.357
0.332
0.349
0.204
0.464
0.314
0.277
0.266
0.308
0.322
0.322
0.408
0.306
0.224
0.386
0.396
0.323
0.286
0.384
0.308
0.26
0.348
0.317
0.28
0.312
0.223
0.228
0.257
0.458
0.273
0.246
syntax error in input py file
0.348
0.309
0.344
0.359
0.315
0.345
0.286
0.286
0.271
syntax error in input py file
0.281
0.346
0.341
0.188
0.29
0.303
0.332
0.733
0.171
0.185
0.242
0.191
0.383
0.333
0.364
0.257
0.159
0.13
0.314
0.281
syntax error in input py file
0.391
0.28
0.307
0.189
0.278
0.274
0.387
0.372
0.277
0.356
0.351
0.307
0.346
0.267
0.275
0.114
syntax error in input py file
0.312
syntax error in input py file
0.203
0.268
0.22
0.372
0.335
0.408
0.368
0.348
0.329
0.355
0.383
0.376
syntax error in input py file
0.073
0.243
0.303
0.31
0.365
0.335
0.256
0.242
0.303
0.206
0.342
0.226
0.344
0.492
0.19
0.028
0.252
0.395
0.298
0.463
0.168
0.38
0.447
0.009
0.357
0.324
0.305
0.46
0.245
0.072
0.33
0.333
0.279
syntax error in input py file
0.18
0.271
syntax error in input py file
0.168
0.168
0.282
0.419
0.228
0.404
0.365
0.241
0.403
0.301
0.219
0.466
0.264
0.246
0.121
0.317
0.31
0.186
0.225
0.421
0.297
0.246
0.192
0.301
0.251
0.483
0.346
0.296
0.207
0.299
0.372
0.354
0.333
0.459
0.434
0.307
0.249
0.304
0.253
0.374
0.441
0.264
0.351
0.241
syntax error in input py file
syntax error in input py file
syntax error in input py file
0.171
0.252
0.525
0.288
0.17
0.198
0.277
0.258
0.315
syntax error in input py file
0.223
0.265
0.381
syntax error in input py file
0.252
0.332
0.217
0.432
0.34
syntax error in input py file
0.42
0.426
0.335
0.405
0.268
0.259
0.29
0.255
0.429
0.256
0.258
0.374
0.351
0.236
0.26
0.407
0.29
0.266
0.338
0.378
0.31
0.902
0.185
0.371
0.211
0.272
0.375
0.198
0.187
0.322
0.346
0.101
0.275
0.27
0.339
0.282
0.198
0.397
0.347
0.318
0.234
0.314
0.008
0.113
