0.063
0.028
0.046
0.049
0.035
0.043
0.021
0.062
0.059
0.073
0.042
0.068
0.043
0.056
0.008
0.007
0.038
0.014
0.104
0.037
0.053
0.043
0.037
0.026
0.053
0.057
0.062
0.047
0.06
0.048
0.036
0.041
0.018
0.049
0.026
0.061
0.068
0.046
0.049
syntax error in input py file
0.045
0.005
0.037
0.036
0.051
0.003
0.033
0.061
0.005
0.037
0.038
0.04
0.014
0.042
0.009
0.036
0.015
0.089
0.063
0.03
0.011
0.032
0.048
0.06
0.073
0.079
0.038
0.102
0.057
0.055
0.056
0.046
0.064
0.08
0.1
0.046
0.024
0.072
0.059
0.062
0.035
0.054
0.043
0.045
0.054
0.045
0.03
0.049
0.042
0.035
0.038
0.125
0.045
0.028
syntax error in input py file
0.042
0.047
0.061
0.052
0.05
0.057
0.023
0.062
0.051
syntax error in input py file
0.047
0.03
0.05
0.006
0.035
0.046
0.046
0.375
0.021
0.021
0.037
0.029
0.041
0.064
0.054
0.046
0.026
0.015
0.066
0.028
syntax error in input py file
0.082
0.044
0.057
0.033
0.056
0.024
0.076
0.053
0.035
0.065
0.049
0.05
0.078
0.028
0.057
0.01
syntax error in input py file
0.068
syntax error in input py file
0.029
0.044
0.027
0.078
0.065
0.038
0.046
0.047
0.065
0.034
0.054
0.031
syntax error in input py file
0.014
0.053
0.048
0.073
0.059
0.046
0.05
0.028
0.063
0.009
0.07
0.024
0.062
0.081
0.025
0.002
0.036
0.057
0.062
0.069
0.026
0.062
0.083
0.003
0.068
0.055
0.053
0.121
0.032
0.003
0.067
0.046
0.054
syntax error in input py file
0.04
0.054
syntax error in input py file
0.021
0.008
0.053
0.088
0.036
0.072
0.049
0.032
0.063
0.062
0.023
0.085
0.035
0.066
0.007
0.059
0.04
0.02
0.018
0.068
0.032
0.045
0.028
0.041
0.04
0.077
0.066
0.048
0.028
0.052
0.058
0.04
0.042
0.057
0.091
0.044
0.046
0.057
0.041
0.102
0.091
0.052
0.047
0.018
syntax error in input py file
syntax error in input py file
syntax error in input py file
0.019
0.042
0.12
0.04
0.017
0.015
0.031
0.055
0.061
syntax error in input py file
0.045
0.023
0.071
syntax error in input py file
0.048
0.034
0.037
0.08
0.055
syntax error in input py file
0.081
0.051
0.048
0.078
0.048
0.051
0.054
0.04
0.086
0.025
0.036
0.087
0.057
0.022
0.03
0.072
0.051
0.049
0.048
0.029
0.047
0.747
0.025
0.094
0.029
0.044
0.067
0.025
0.035
0.027
0.067
0.007
0.046
0.058
0.062
0.069
0.031
0.079
0.061
0.074
0.029
0.055
0.002
0.021
