0.361
0.226
0.04
0.303
0.231
0.337
0.291
0.246
syntax error in input py file
0.331
0.432
0.296
0.336
syntax error in input py file
0.266
0.142
0.405
0.297
0.351
0.206
0.456
0.262
0.308
0.418
0.341
syntax error in input py file
0.312
0.226
0.383
0.242
0.246
0.336
0.195
0.319
0.258
0.096
0.351
0.295
0.138
0.291
0.35
0.265
0.302
0.271
0.27
0.083
0.253
0.456
0.16
0.354
0.318
0.286
0.097
0.275
0.146
0.19
0.167
0.242
0.164
syntax error in input py file
0.163
0.318
0.26
0.396
syntax error in input py file
0.158
0.243
0.206
0.288
0.352
0.329
0.28
0.175
0.275
0.219
0.354
0.235
0.367
0.322
0.311
0.33
0.252
0.284
0.241
0.269
0.348
0.245
0.325
0.222
0.211
0.436
0.341
0.292
0.193
0.31
0.362
0.259
0.286
0.272
syntax error in input py file
0.317
0.294
0.271
0.219
0.29
0.186
0.383
0.371
0.232
0.364
0.387
0.3
0.153
0.195
0.266
0.218
0.167
0.352
0.31
syntax error in input py file
syntax error in input py file
0.333
0.206
0.285
0.281
0.309
0.438
0.358
0.297
0.337
0.288
0.259
0.304
0.373
syntax error in input py file
0.199
0.3
0.332
0.362
0.391
0.416
0.095
0.149
0.237
0.342
0.27
0.092
0.392
0.365
0.326
0.191
0.307
0.23
0.18
0.374
0.24
0.275
0.315
0.068
0.185
0.296
0.326
0.329
0.268
0.253
0.312
0.346
0.295
syntax error in input py file
0.29
0.275
syntax error in input py file
0.352
0.039
0.266
0.354
0.303
syntax error in input py file
0.341
0.254
0.298
0.376
0.386
0.306
0.467
0.327
0.383
0.372
0.311
syntax error in input py file
0.296
0.294
0.228
0.368
0.401
0.286
0.277
0.327
0.141
0.294
0.273
0.487
0.312
syntax error in input py file
0.281
0.23
0.368
0.354
0.397
0.169
0.244
0.338
0.325
0.367
0.47
0.326
0.101
0.213
0.425
0.423
0.261
0.235
0.236
0.309
0.364
0.369
0.241
0.217
0.333
0.351
0.369
0.182
0.328
0.251
0.292
0.45
0.336
0.188
0.204
0.144
0.326
0.36
0.268
0.295
0.405
0.319
0.218
0.436
0.286
0.438
0.351
0.266
0.229
syntax error in input py file
syntax error in input py file
0.049
0.366
0.353
0.277
0.342
syntax error in input py file
0.302
0.375
0.227
0.295
syntax error in input py file
0.4
0.351
syntax error in input py file
0.288
0.302
0.467
0.279
0.283
0.338
0.385
0.151
0.26
0.348
0.295
0.207
0.256
syntax error in input py file
0.287
0.315
0.266
0.388
0.349
0.285
0.291
0.276
0.007
0.317
0.386
0.348
0.348
0.383
0.226
0.242
0.326
0.305
0.331
0.38
0.302
0.011
0.164
