0.103
0.047
0.092
0.09
0.062
0.075
0.035
0.098
0.097
0.11
0.081
0.094
0.064
0.075
0.015
0.02
0.069
0.02
0.158
0.065
0.102
0.088
0.063
0.047
0.094
0.104
0.089
0.091
0.109
0.095
0.063
0.073
0.039
0.063
0.04
0.112
0.099
0.06
0.092
syntax error in input py file
0.077
0.008
0.062
0.057
0.081
0.009
0.082
0.124
0.008
0.076
0.068
0.074
0.028
0.077
0.016
0.076
0.029
0.155
0.113
0.054
0.024
0.059
0.082
0.094
0.102
0.137
0.066
0.163
0.077
0.092
0.07
0.081
0.113
0.122
0.139
0.071
0.042
0.103
0.113
0.119
0.049
0.104
0.089
0.082
0.089
0.094
0.058
0.097
0.054
0.065
0.059
0.189
0.085
0.056
syntax error in input py file
0.101
0.071
0.109
0.09
0.066
0.096
0.059
0.082
0.079
syntax error in input py file
0.084
0.069
0.095
0.015
0.05
0.071
0.08
0.458
0.037
0.036
0.056
0.042
0.086
0.108
0.102
0.073
0.049
0.03
0.089
0.065
syntax error in input py file
0.129
0.077
0.079
0.046
0.101
0.049
0.116
0.092
0.059
0.108
0.087
0.102
0.12
0.05
0.101
0.019
syntax error in input py file
0.083
syntax error in input py file
0.048
0.082
0.061
0.14
0.105
0.082
0.079
0.094
0.101
0.075
0.106
0.059
syntax error in input py file
0.018
0.089
0.082
0.109
0.089
0.079
0.083
0.046
0.115
0.028
0.124
0.043
0.09
0.136
0.051
0.002
0.056
0.106
0.087
0.133
0.041
0.111
0.123
0.003
0.111
0.082
0.081
0.198
0.06
0.01
0.105
0.083
0.093
syntax error in input py file
0.057
0.094
syntax error in input py file
0.028
0.016
0.08
0.147
0.055
0.13
0.098
0.057
0.116
0.097
0.047
0.132
0.075
0.107
0.016
0.094
0.076
0.039
0.04
0.111
0.063
0.073
0.05
0.081
0.063
0.13
0.104
0.087
0.047
0.073
0.096
0.074
0.088
0.106
0.139
0.075
0.079
0.096
0.069
0.166
0.154
0.083
0.081
0.043
syntax error in input py file
syntax error in input py file
syntax error in input py file
0.041
0.058
0.183
0.084
0.029
0.038
0.054
0.096
0.113
syntax error in input py file
0.077
0.041
0.11
syntax error in input py file
0.079
0.074
0.07
0.143
0.093
syntax error in input py file
0.14
0.094
0.094
0.112
0.085
0.086
0.079
0.074
0.13
0.061
0.048
0.146
0.104
0.055
0.048
0.135
0.094
0.059
0.094
0.055
0.086
0.819
0.038
0.157
0.053
0.082
0.114
0.047
0.054
0.054
0.109
0.018
0.081
0.088
0.1
0.102
0.051
0.136
0.11
0.104
0.053
0.086
0.003
0.032
