0.178
0.075
0.192
0.205
0.108
0.14
0.072
0.185
0.172
0.178
0.149
0.183
0.149
0.108
0.057
0.048
0.163
0.045
0.29
0.141
0.215
0.188
0.118
0.105
0.196
0.182
0.164
0.157
0.196
0.197
0.128
0.153
0.075
0.12
0.076
0.203
0.206
0.122
0.175
syntax error in input py file
0.163
0.012
0.143
0.116
0.164
0.021
0.169
0.223
0.019
0.159
0.162
0.151
0.053
0.151
0.033
0.161
0.055
0.261
0.18
0.123
0.055
0.115
0.154
0.194
0.187
0.237
0.123
0.279
0.164
0.166
0.132
0.138
0.2
0.198
0.219
0.157
0.09
0.195
0.225
0.218
0.09
0.195
0.184
0.154
0.185
0.161
0.133
0.174
0.107
0.125
0.127
0.308
0.17
0.103
syntax error in input py file
0.201
0.153
0.197
0.181
0.132
0.198
0.13
0.15
0.139
syntax error in input py file
0.179
0.169
0.195
0.049
0.094
0.144
0.175
0.556
0.077
0.074
0.11
0.101
0.202
0.213
0.2
0.136
0.078
0.065
0.157
0.151
syntax error in input py file
0.22
0.148
0.16
0.076
0.175
0.111
0.224
0.217
0.122
0.187
0.165
0.18
0.213
0.114
0.204
0.038
syntax error in input py file
0.152
syntax error in input py file
0.106
0.148
0.104
0.248
0.192
0.173
0.178
0.188
0.159
0.165
0.208
0.151
syntax error in input py file
0.026
0.135
0.175
0.195
0.195
0.161
0.148
0.098
0.19
0.072
0.198
0.099
0.16
0.276
0.107
0.007
0.101
0.203
0.172
0.266
0.077
0.186
0.217
0.005
0.2
0.169
0.165
0.314
0.113
0.024
0.188
0.187
0.163
syntax error in input py file
0.098
0.165
syntax error in input py file
0.059
0.057
0.166
0.248
0.113
0.224
0.203
0.139
0.244
0.181
0.116
0.24
0.157
0.161
0.044
0.155
0.166
0.082
0.09
0.184
0.158
0.127
0.081
0.16
0.126
0.241
0.187
0.184
0.105
0.123
0.183
0.168
0.178
0.211
0.254
0.142
0.145
0.183
0.147
0.258
0.252
0.134
0.175
0.11
syntax error in input py file
syntax error in input py file
syntax error in input py file
0.082
0.112
0.313
0.186
0.084
0.087
0.107
0.17
0.206
syntax error in input py file
0.128
0.095
0.195
syntax error in input py file
0.151
0.154
0.135
0.255
0.17
syntax error in input py file
0.252
0.168
0.183
0.182
0.159
0.142
0.131
0.142
0.23
0.13
0.122
0.243
0.208
0.142
0.112
0.225
0.193
0.121
0.168
0.15
0.163
0.865
0.069
0.208
0.092
0.178
0.212
0.101
0.106
0.136
0.199
0.037
0.146
0.183
0.163
0.175
0.1
0.259
0.193
0.166
0.094
0.182
0.004
0.06
