0.924
0.972
0.911
0.994
1.0
1.0
0.939
0.926
0.935
1.0
0.909
0.981
1.0
1.0
syntax error in input py file
1.0
syntax error in input py file
0.954
0.949
0.989
0.926
0.926
1.0
0.873
0.963
0.967
0.865
0.996
0.909
0.975
0.973
0.931
1.0
0.883
0.946
0.925
0.922
0.905
0.981
0.992
syntax error in input py file
0.938
0.88
1.0
0.926
1.0
0.986
0.959
0.976
0.902
0.929
0.932
0.9
0.957
0.913
0.972
0.692
0.944
syntax error in input py file
0.941
0.872
0.952
0.978
0.984
0.985
0.887
0.921
0.914
1.0
0.982
0.989
0.976
0.955
0.979
0.814
0.887
0.992
0.825
0.89
0.952
0.984
0.94
0.899
0.949
0.925
0.875
0.975
0.939
0.907
0.943
0.898
0.882
0.935
0.979
0.963
0.982
0.793
0.887
0.896
0.959
0.884
0.968
0.902
0.833
0.924
0.942
0.937
0.946
0.907
0.981
0.93
0.929
0.791
0.963
0.952
0.96
1.0
0.885
1.0
0.9
0.944
0.894
0.981
0.886
0.905
0.862
0.93
0.984
0.814
0.919
0.975
0.885
0.985
0.94
0.967
0.981
0.949
0.967
0.984
0.973
0.943
0.784
syntax error in input py file
0.862
1.0
0.958
0.975
0.933
0.968
0.856
0.941
0.939
0.935
1.0
0.833
0.962
0.983
0.924
1.0
0.968
0.976
0.965
0.907
0.942
0.94
0.981
0.815
syntax error in input py file
0.972
0.833
0.968
0.973
0.956
1.0
1.0
0.969
0.961
syntax error in input py file
0.99
1.0
0.927
0.982
0.981
1.0
0.964
0.961
0.971
0.966
0.988
0.982
1.0
0.895
0.892
0.98
0.969
0.966
0.986
0.905
0.941
0.984
0.995
1.0
0.95
0.958
0.944
syntax error in input py file
0.976
0.988
0.978
0.969
0.964
0.988
0.958
0.967
0.966
0.975
1.0
0.868
0.952
0.993
0.968
0.981
0.971
0.965
0.973
0.964
0.961
0.974
0.937
1.0
1.0
0.971
0.926
0.891
0.985
0.969
0.973
0.987
1.0
0.959
0.989
0.969
0.966
0.918
0.988
0.968
0.969
0.991
0.944
0.972
1.0
0.878
0.921
1.0
0.957
0.949
0.934
0.882
0.977
1.0
0.953
0.971
0.9
1.0
0.99
0.987
0.976
0.985
0.951
0.867
0.962
1.0
0.994
0.94
syntax error in input py file
0.932
0.919
0.953
0.944
0.87
0.974
0.942
0.99
syntax error in input py file
1.0
0.945
0.817
0.958
0.956
0.99
0.959
0.913
syntax error in input py file
0.979
0.905
0.972
0.845
0.975
0.983
0.928
0.914
0.96
0.901
syntax error in input py file
1.0
1.0
