0.819
0.929
0.862
0.991
1.0
1.0
0.833
0.885
0.864
1.0
0.814
0.936
1.0
1.0
syntax error in input py file
1.0
syntax error in input py file
0.816
0.874
0.979
0.819
0.867
1.0
0.595
0.941
0.887
0.704
0.939
0.848
0.956
0.929
0.861
1.0
0.714
0.892
0.823
0.843
0.889
0.956
0.986
syntax error in input py file
0.885
0.754
1.0
0.888
1.0
0.982
0.856
0.931
0.729
0.866
0.808
0.789
0.908
0.767
0.923
0.488
0.885
syntax error in input py file
0.828
0.828
0.864
0.939
0.985
0.942
0.79
0.866
0.799
1.0
0.984
0.92
0.963
0.876
0.957
0.681
0.783
0.984
0.759
0.789
0.924
0.909
0.931
0.824
0.887
0.864
0.76
0.956
0.872
0.871
0.87
0.803
0.815
0.841
0.961
0.939
0.959
0.652
0.831
0.816
0.944
0.797
0.97
0.806
0.667
0.861
0.896
0.838
0.786
0.83
0.966
0.901
0.823
0.68
0.896
0.906
0.938
1.0
0.766
0.98
0.831
0.857
0.795
0.958
0.841
0.772
0.815
0.817
0.974
0.758
0.922
0.901
0.832
0.947
0.934
0.932
0.958
0.944
0.968
0.961
0.924
0.889
0.66
syntax error in input py file
0.602
0.985
0.868
0.903
0.858
0.882
0.796
0.923
0.814
0.848
1.0
0.754
0.897
0.957
0.811
1.0
0.933
0.93
0.92
0.806
0.842
0.856
0.948
0.729
syntax error in input py file
0.891
0.725
0.889
0.881
0.901
1.0
0.961
0.971
0.953
syntax error in input py file
0.949
1.0
0.83
0.943
0.963
0.944
0.915
0.914
0.91
0.874
0.939
0.976
0.966
0.778
0.824
0.96
0.893
0.892
0.966
0.817
0.879
0.966
0.984
0.978
0.9
0.903
0.904
syntax error in input py file
0.93
0.971
0.94
0.937
0.928
0.982
0.925
0.936
0.955
0.933
0.967
0.812
0.873
0.993
0.909
0.939
0.946
0.941
0.914
0.944
0.912
0.938
0.903
0.967
0.962
0.96
0.928
0.886
0.954
0.945
0.925
0.977
1.0
0.883
0.931
0.947
0.947
0.902
0.967
0.932
0.913
0.965
0.861
0.968
0.945
0.869
0.91
1.0
0.919
0.908
0.89
0.773
0.95
1.0
0.893
0.893
0.886
1.0
0.964
0.96
0.925
0.949
0.901
0.771
0.938
0.974
0.991
0.903
syntax error in input py file
0.908
0.844
0.921
0.873
0.806
0.906
0.937
0.962
syntax error in input py file
1.0
0.901
0.726
0.928
0.893
0.891
0.938
0.828
syntax error in input py file
0.917
0.839
0.952
0.708
0.936
0.905
0.884
0.803
0.926
0.756
syntax error in input py file
1.0
1.0
