0.767
0.889
0.785
0.987
1.0
1.0
0.689
0.842
0.812
1.0
0.704
0.886
1.0
1.0
syntax error in input py file
1.0
syntax error in input py file
0.755
0.794
0.964
0.694
0.808
1.0
0.373
0.891
0.798
0.561
0.862
0.801
0.952
0.911
0.774
1.0
0.577
0.852
0.722
0.775
0.88
0.93
0.977
syntax error in input py file
0.812
0.611
1.0
0.832
1.0
0.972
0.722
0.877
0.574
0.765
0.693
0.721
0.878
0.652
0.848
0.339
0.839
syntax error in input py file
0.715
0.785
0.74
0.929
0.95
0.878
0.715
0.797
0.702
1.0
0.981
0.844
0.944
0.795
0.941
0.537
0.68
0.976
0.704
0.716
0.882
0.836
0.875
0.746
0.806
0.82
0.696
0.932
0.836
0.841
0.821
0.699
0.72
0.75
0.946
0.913
0.947
0.581
0.793
0.742
0.928
0.692
0.963
0.718
0.549
0.791
0.85
0.734
0.666
0.76
0.959
0.875
0.695
0.593
0.841
0.837
0.928
1.0
0.674
0.979
0.768
0.747
0.71
0.931
0.774
0.673
0.779
0.741
0.966
0.734
0.914
0.82
0.78
0.906
0.917
0.909
0.926
0.928
0.963
0.944
0.896
0.816
0.576
syntax error in input py file
0.474
0.974
0.794
0.857
0.791
0.807
0.751
0.891
0.656
0.794
1.0
0.686
0.852
0.939
0.694
1.0
0.908
0.886
0.868
0.708
0.765
0.783
0.9
0.628
syntax error in input py file
0.818
0.623
0.846
0.85
0.863
1.0
0.932
0.97
0.933
syntax error in input py file
0.904
1.0
0.751
0.906
0.947
0.891
0.879
0.884
0.834
0.79
0.897
0.958
0.951
0.7
0.811
0.932
0.845
0.844
0.95
0.749
0.826
0.961
0.979
0.962
0.875
0.819
0.866
syntax error in input py file
0.883
0.946
0.918
0.915
0.874
0.967
0.906
0.906
0.935
0.898
0.94
0.766
0.785
0.986
0.848
0.908
0.918
0.925
0.884
0.927
0.883
0.905
0.874
0.957
0.93
0.944
0.923
0.87
0.926
0.938
0.896
0.965
1.0
0.832
0.865
0.946
0.943
0.892
0.937
0.877
0.886
0.925
0.791
0.953
0.901
0.857
0.896
1.0
0.9
0.874
0.848
0.693
0.942
1.0
0.807
0.796
0.882
1.0
0.923
0.945
0.907
0.906
0.854
0.705
0.928
0.937
0.978
0.896
syntax error in input py file
0.891
0.768
0.899
0.813
0.758
0.865
0.934
0.909
syntax error in input py file
1.0
0.865
0.688
0.888
0.829
0.801
0.928
0.751
syntax error in input py file
0.852
0.768
0.953
0.573
0.876
0.846
0.805
0.695
0.874
0.667
syntax error in input py file
1.0
1.0
