0.898
0.866
0.855
0.976
0.953
1.0
0.936
0.92
0.835
0.976
syntax error in input py file
0.838
0.952
0.849
0.874
1.0
0.805
0.803
0.898
0.966
0.84
0.861
0.929
0.579
syntax error in input py file
0.88
0.725
0.903
0.738
0.929
0.916
0.844
1.0
0.685
0.899
0.806
0.876
0.802
0.921
0.92
0.881
0.889
0.754
0.915
syntax error in input py file
1.0
0.947
0.86
0.886
0.709
0.832
0.84
0.789
0.854
0.5
0.864
0.584
0.851
0.903
0.821
0.5
0.763
syntax error in input py file
0.966
0.91
0.777
0.895
0.819
0.947
0.944
0.912
0.963
0.839
0.933
syntax error in input py file
0.77
0.978
0.856
0.778
0.838
0.851
0.87
0.812
0.849
syntax error in input py file
0.792
0.888
0.797
0.857
syntax error in input py file
0.832
0.85
0.899
0.901
0.885
syntax error in input py file
0.762
0.824
0.787
0.944
0.836
0.97
0.883
0.711
syntax error in input py file
0.898
0.682
0.765
0.68
0.966
0.883
0.791
1.0
0.857
0.883
0.938
0.889
0.778
syntax error in input py file
0.906
0.858
0.892
syntax error in input py file
0.897
0.699
0.922
0.713
1.0
0.835
0.93
0.808
0.898
0.933
0.934
0.82
0.928
0.98
0.914
0.953
0.799
0.901
0.837
0.882
0.573
0.937
syntax error in input py file
syntax error in input py file
syntax error in input py file
0.857
0.711
0.949
0.868
0.81
0.835
0.869
0.811
0.8
0.721
1.0
0.851
0.877
0.947
0.788
0.843
0.8
0.948
0.783
0.857
0.852
0.742
0.92
0.833
0.848
1.0
syntax error in input py file
0.867
0.866
0.888
0.917
0.939
0.727
0.933
0.963
0.831
0.87
0.928
0.889
0.864
0.86
0.941
0.929
0.726
0.824
0.94
0.85
0.892
0.875
0.819
0.86
0.854
0.96
0.896
0.774
0.829
0.881
0.843
0.721
0.959
0.882
0.886
1.0
0.935
0.885
0.872
0.882
0.839
0.903
0.609
0.854
0.944
0.833
0.903
0.953
0.938
0.873
0.931
0.861
0.924
0.848
0.851
0.896
0.889
0.916
0.886
0.911
0.903
0.885
0.958
0.887
0.881
0.893
0.902
0.895
0.881
0.928
0.845
0.941
0.934
0.851
syntax error in input py file
0.89
0.869
1.0
1.0
0.884
0.946
0.889
0.762
0.863
0.942
0.913
0.852
0.759
0.924
0.893
0.886
0.93
0.825
0.87
0.798
0.914
0.94
0.951
0.851
0.899
0.794
0.836
0.957
0.839
0.886
0.836
0.949
0.906
0.865
0.909
0.835
0.677
0.955
0.887
0.783
0.938
0.882
0.79
0.892
0.829
0.972
0.741
0.918
0.894
0.929
0.868
0.898
0.707
0.815
1.0
1.0
