0.812
0.802
0.807
0.969
0.95
1.0
0.897
0.868
0.768
0.964
syntax error in input py file
0.785
0.93
0.864
0.808
1.0
0.736
0.724
0.839
0.944
0.753
0.778
0.922
0.385
syntax error in input py file
0.792
0.574
0.837
0.615
0.902
0.892
0.773
1.0
0.536
0.842
0.728
0.825
0.751
0.86
0.916
0.794
0.837
0.616
0.875
syntax error in input py file
1.0
0.935
0.729
0.829
0.59
0.742
0.739
0.721
0.815
0.326
0.793
0.44
0.799
0.848
0.72
0.326
0.614
syntax error in input py file
0.95
0.866
0.696
0.819
0.759
0.934
0.932
0.865
0.95
0.751
0.931
syntax error in input py file
0.679
0.976
0.777
0.655
0.798
0.805
0.796
0.726
0.759
syntax error in input py file
0.722
0.833
0.717
0.859
syntax error in input py file
0.729
0.768
0.842
0.832
0.781
syntax error in input py file
0.684
0.786
0.721
0.928
0.71
0.963
0.809
0.606
syntax error in input py file
0.844
0.561
0.643
0.593
0.962
0.85
0.697
1.0
0.802
0.821
0.928
0.864
0.657
syntax error in input py file
0.847
0.79
0.869
syntax error in input py file
0.87
0.576
0.889
0.633
1.0
0.798
0.907
0.747
0.887
0.906
0.917
0.737
0.88
0.976
0.892
0.941
0.723
0.844
0.767
0.826
0.429
0.925
syntax error in input py file
syntax error in input py file
syntax error in input py file
0.78
0.625
0.931
0.722
0.722
0.8
0.78
0.668
0.719
0.603
1.0
0.826
0.813
0.903
0.721
0.743
0.708
0.903
0.692
0.801
0.759
0.612
0.857
0.761
0.792
1.0
syntax error in input py file
0.824
0.806
0.78
0.869
0.927
0.653
0.917
0.953
0.723
0.807
0.857
0.785
0.767
0.804
0.928
0.912
0.692
0.811
0.925
0.74
0.837
0.812
0.745
0.768
0.789
0.963
0.841
0.683
0.702
0.811
0.785
0.628
0.88
0.837
0.804
1.0
0.914
0.836
0.818
0.844
0.791
0.848
0.487
0.748
0.918
0.733
0.864
0.897
0.897
0.841
0.906
0.761
0.848
0.812
0.766
0.809
0.841
0.884
0.87
0.845
0.85
0.867
0.937
0.87
0.836
0.813
0.907
0.86
0.869
0.85
0.726
0.901
0.873
0.824
syntax error in input py file
0.807
0.857
1.0
1.0
0.842
0.935
0.839
0.679
0.805
0.925
0.89
0.718
0.712
0.908
0.836
0.859
0.915
0.744
0.794
0.719
0.892
0.851
0.914
0.798
0.859
0.746
0.776
0.941
0.749
0.862
0.772
0.952
0.852
0.819
0.882
0.794
0.588
0.91
0.807
0.632
0.928
0.811
0.713
0.833
0.731
0.969
0.582
0.857
0.804
0.853
0.763
0.856
0.629
0.75
1.0
1.0
