0.706
0.851
0.714
0.978
1.0
1.0
0.585
0.801
0.754
1.0
0.615
0.829
1.0
1.0
syntax error in input py file
1.0
syntax error in input py file
0.703
0.744
0.944
0.599
0.747
1.0
0.28
0.831
0.72
0.444
0.799
0.78
0.94
0.896
0.665
1.0
0.494
0.808
0.63
0.696
0.882
0.914
0.97
syntax error in input py file
0.742
0.493
1.0
0.795
1.0
0.963
0.62
0.805
0.428
0.667
0.583
0.689
0.848
0.611
0.772
0.244
0.787
syntax error in input py file
0.641
0.735
0.638
0.915
0.915
0.804
0.65
0.738
0.651
1.0
0.979
0.743
0.915
0.708
0.93
0.439
0.572
0.971
0.641
0.645
0.852
0.786
0.844
0.674
0.752
0.767
0.628
0.911
0.807
0.833
0.767
0.643
0.662
0.676
0.912
0.889
0.937
0.514
0.747
0.676
0.917
0.558
0.95
0.646
0.485
0.708
0.806
0.653
0.546
0.698
0.955
0.854
0.599
0.517
0.783
0.768
0.916
1.0
0.598
0.975
0.692
0.634
0.657
0.905
0.71
0.596
0.772
0.636
0.958
0.716
0.901
0.757
0.734
0.862
0.904
0.891
0.905
0.913
0.958
0.921
0.874
0.708
0.521
syntax error in input py file
0.398
0.963
0.716
0.805
0.73
0.745
0.692
0.863
0.538
0.741
1.0
0.624
0.826
0.925
0.592
1.0
0.884
0.857
0.786
0.644
0.699
0.724
0.831
0.551
syntax error in input py file
0.757
0.554
0.826
0.797
0.83
1.0
0.913
0.966
0.926
syntax error in input py file
0.85
1.0
0.719
0.879
0.934
0.858
0.866
0.866
0.758
0.736
0.865
0.931
0.92
0.661
0.796
0.909
0.764
0.808
0.935
0.696
0.772
0.96
0.974
0.956
0.856
0.759
0.829
syntax error in input py file
0.866
0.922
0.897
0.898
0.847
0.958
0.887
0.87
0.921
0.868
0.889
0.742
0.727
0.981
0.797
0.888
0.886
0.917
0.853
0.912
0.857
0.88
0.833
0.951
0.908
0.933
0.911
0.846
0.905
0.933
0.836
0.953
1.0
0.781
0.801
0.944
0.933
0.885
0.905
0.825
0.87
0.899
0.728
0.948
0.874
0.837
0.873
1.0
0.885
0.844
0.798
0.617
0.938
1.0
0.734
0.727
0.861
1.0
0.885
0.915
0.9
0.881
0.808
0.639
0.912
0.911
0.968
0.882
syntax error in input py file
0.883
0.707
0.875
0.757
0.695
0.84
0.93
0.867
syntax error in input py file
1.0
0.848
0.661
0.853
0.77
0.76
0.917
0.686
syntax error in input py file
0.788
0.727
0.948
0.461
0.826
0.787
0.705
0.632
0.822
0.612
syntax error in input py file
1.0
1.0
