0.731
0.76
0.751
0.951
0.946
1.0
0.836
0.812
0.71
0.956
syntax error in input py file
0.721
0.908
0.87
0.74
1.0
0.644
0.674
0.779
0.915
0.643
0.689
0.914
0.289
syntax error in input py file
0.717
0.459
0.765
0.527
0.879
0.865
0.685
1.0
0.451
0.801
0.65
0.751
0.72
0.806
0.916
0.705
0.768
0.507
0.85
syntax error in input py file
1.0
0.929
0.63
0.766
0.456
0.657
0.633
0.689
0.78
0.261
0.723
0.357
0.746
0.802
0.647
0.261
0.519
syntax error in input py file
0.934
0.833
0.61
0.762
0.709
0.906
0.924
0.827
0.938
0.667
0.922
syntax error in input py file
0.605
0.973
0.708
0.568
0.748
0.757
0.758
0.658
0.677
syntax error in input py file
0.645
0.781
0.638
0.861
syntax error in input py file
0.65
0.673
0.767
0.753
0.692
syntax error in input py file
0.6
0.718
0.657
0.917
0.542
0.95
0.735
0.54
syntax error in input py file
0.794
0.471
0.536
0.517
0.958
0.825
0.593
1.0
0.737
0.753
0.916
0.838
0.545
syntax error in input py file
0.795
0.722
0.864
syntax error in input py file
0.832
0.482
0.867
0.534
1.0
0.768
0.89
0.697
0.881
0.883
0.904
0.643
0.819
0.969
0.858
0.925
0.669
0.769
0.719
0.789
0.348
0.913
syntax error in input py file
syntax error in input py file
syntax error in input py file
0.715
0.568
0.92
0.604
0.651
0.764
0.705
0.573
0.656
0.504
1.0
0.797
0.749
0.828
0.676
0.652
0.643
0.834
0.595
0.736
0.698
0.533
0.826
0.714
0.744
1.0
syntax error in input py file
0.795
0.77
0.697
0.813
0.894
0.571
0.901
0.939
0.633
0.752
0.79
0.698
0.691
0.769
0.928
0.892
0.666
0.796
0.906
0.669
0.781
0.752
0.662
0.686
0.726
0.961
0.796
0.587
0.586
0.734
0.752
0.594
0.819
0.805
0.753
1.0
0.894
0.785
0.751
0.82
0.713
0.788
0.411
0.665
0.895
0.647
0.818
0.834
0.848
0.821
0.884
0.68
0.765
0.774
0.716
0.721
0.819
0.844
0.846
0.788
0.801
0.854
0.921
0.856
0.782
0.748
0.906
0.817
0.867
0.778
0.623
0.882
0.834
0.776
syntax error in input py file
0.727
0.837
1.0
1.0
0.763
0.919
0.792
0.605
0.782
0.913
0.864
0.614
0.643
0.893
0.777
0.817
0.896
0.664
0.714
0.651
0.858
0.762
0.881
0.765
0.817
0.691
0.71
0.92
0.664
0.827
0.704
0.952
0.797
0.747
0.866
0.747
0.502
0.862
0.722
0.521
0.917
0.76
0.671
0.773
0.652
0.963
0.473
0.8
0.735
0.763
0.691
0.818
0.576
0.67
1.0
1.0
