0.974
0.952
0.904
0.982
0.961
1.0
0.969
0.958
0.929
1.0
syntax error in input py file
0.901
0.962
0.836
0.929
1.0
0.86
0.927
0.956
0.978
0.917
0.952
0.947
0.806
syntax error in input py file
0.948
0.847
0.97
0.891
0.962
0.964
0.917
1.0
0.854
0.959
0.926
0.945
0.896
0.982
0.951
0.953
0.939
0.849
0.947
syntax error in input py file
1.0
0.959
0.943
0.957
0.874
0.915
0.925
0.9
0.933
0.731
0.922
0.75
0.95
0.947
0.924
0.731
0.905
syntax error in input py file
0.977
0.957
0.902
0.929
0.902
0.971
0.952
0.955
0.976
0.916
0.951
syntax error in input py file
0.871
0.992
0.9
0.922
0.889
0.938
0.921
0.906
0.923
syntax error in input py file
0.901
0.95
0.89
0.894
syntax error in input py file
0.91
0.917
0.935
0.939
0.979
syntax error in input py file
0.876
0.915
0.846
0.959
0.929
0.968
0.932
0.833
syntax error in input py file
0.952
0.817
0.94
0.778
0.971
0.93
0.912
1.0
0.924
0.944
0.941
0.938
0.892
syntax error in input py file
0.961
0.926
0.925
syntax error in input py file
0.947
0.843
0.948
0.831
1.0
0.907
0.944
0.913
0.902
0.977
0.94
0.912
0.981
0.978
0.948
0.976
0.906
0.949
0.917
0.964
0.831
0.938
syntax error in input py file
syntax error in input py file
syntax error in input py file
0.947
0.8
0.956
0.954
0.924
0.889
0.937
0.937
0.906
0.861
1.0
0.922
0.944
0.985
0.882
0.91
0.896
0.967
0.887
0.918
0.972
0.855
0.989
0.94
0.926
1.0
syntax error in input py file
0.89
0.902
0.971
0.98
0.963
0.86
0.955
0.981
0.932
0.943
0.966
0.993
0.945
0.965
0.953
0.963
0.826
0.879
0.941
0.921
0.942
0.907
0.921
0.941
0.937
0.973
0.948
0.902
0.966
0.929
0.882
0.8
1.0
0.967
0.934
1.0
0.964
0.938
0.936
0.923
0.916
0.964
0.775
0.932
0.966
0.917
0.963
0.99
0.964
0.913
0.976
0.942
0.984
0.9
0.977
0.979
0.933
0.927
0.891
0.943
0.954
0.932
0.993
0.927
0.954
0.989
0.929
0.94
0.898
0.98
0.943
1.0
1.0
0.915
syntax error in input py file
0.984
0.878
1.0
1.0
0.947
0.949
0.958
0.876
0.933
0.96
0.961
0.95
0.816
0.933
0.969
0.935
0.959
0.913
0.934
0.911
0.954
0.972
0.994
0.94
0.919
0.892
0.951
0.977
0.95
0.913
0.912
0.964
0.962
0.902
0.953
0.894
0.815
0.989
0.934
0.943
0.959
0.973
0.9
0.954
0.957
0.994
0.883
0.983
0.98
0.96
0.942
0.94
0.824
0.925
1.0
1.0
